camera_matrix:
- - 870.3560085022325
  - 0.0
  - 366.5481281261406
- - 0.0
  - 866.0027582601535
  - 648.1593148905974
- - 0.0
  - 0.0
  - 1.0
dist_coeff:
- - 0.042758030664924
  - 0.061255421768889984
  - 0.002755417132613168
  - 0.0030555467714308135
  - -0.19008968919656236
