camera_matrix:
- - 649.599959503852
  - 0.0
  - 333.80334051610095
- - 0.0
  - 646.3345739936317
  - 234.76801530197937
- - 0.0
  - 0.0
  - 1.0
dist_coeff:
- - 0.07494768988971648
  - -0.6840155176726326
  - 0.0025917502761994564
  - -0.003523393844761941
  - 1.7756806088941168
